1.4332,0.0725
1.4541,0.0049
1.8243,0.0012
1.8256,0.0000
1.9815,0.5817
2.0817,0.0000
2.0898,0.0043
2.1402,0.0042
2.3412,0.0000
2.3462,0.0000
2.5627,0.0925
2.5786,0.0000
2.5793,0.0001
2.5935,0.0012
2.6903,0.0000
2.6978,0.0002
2.7237,0.0010
2.7238,0.0004
2.7722,0.0129
2.7744,0.0100
2.8617,0.0000
2.8625,0.0000
2.9502,0.0000
2.9504,0.0000
3.0100,0.0153
3.0102,0.0017
3.1040,0.0057
3.1071,0.0058
3.2279,0.0002
3.2281,0.0000
3.2829,0.0140
3.2927,0.0002
3.3328,0.0002
3.3433,0.0038
3.3574,0.0374
3.3576,0.0332
3.4475,0.0241
3.4540,0.0025
3.4554,0.0076
3.4600,0.0041
3.4972,0.0050
3.4995,0.0004
3.5192,0.0005
3.5202,0.0004
3.5514,0.0000
3.5519,0.0000
3.5604,0.0096
3.5617,0.0108
3.6421,0.0000
3.6421,0.0000
3.7054,0.0027
3.7060,0.0028
3.7267,0.0001
3.7270,0.0000
3.7622,0.0072
3.7647,0.0003
3.8016,0.0000
3.8065,0.0002
3.8077,0.0000
3.8147,0.0000
3.8647,0.0000
3.8658,0.0000
3.8846,0.0178
3.8913,0.0199
3.9575,0.0001
3.9579,0.0000
4.0022,0.0289
4.0039,0.0090
4.0316,0.0045
4.0319,0.0030
4.0500,0.0001
4.0688,0.0000
4.0690,0.0000
4.0733,0.0001
4.1518,0.0012
4.1607,0.0002
4.1804,0.0021
4.1837,0.0006
4.2019,0.0001
4.2020,0.0002
4.2097,0.0189
4.2111,0.0084
4.2314,0.0021
4.2371,0.0007
4.3011,0.0482
4.3028,0.0339
4.3244,0.0017
4.3421,0.0001
4.3554,0.0000
4.3556,0.0000
